169.91
175.90
106.43
156.46
114.68
176.09
103.86
113.25
190.58
150.40
136.29
117.59
180.90
166.37
134.78
143.08
139.50
119.00
110.10
109.95
191.35
114.18
187.10
197.63
108.26
108.93
163.01
161.47
124.19
142.07
127.54
107.67
111.72
196.38
122.29
183.48
188.14
156.49
196.99
107.97
157.97
165.46
140.98
102.94
127.18
137.52
129.88
183.09
143.61
154.25
129.17
130.05
128.04
157.37
139.36
105.65
160.71
152.41
150.59
156.69
179.41
154.44
198.41
125.20
126.72
139.74
177.09
106.59
156.66
115.04
172.00
191.02
173.70
180.27
118.40
182.77
130.92
139.62
180.27
116.92
158.19
111.17
170.08
183.04
126.28
195.59
197.93
121.43
178.02
191.10
146.85
179.32
174.09
183.44
119.87
101.32
107.46
197.26
194.23
181.34
138.02
168.46
148.09
121.93
186.93
185.84
195.86
130.51
108.77
154.68
180.05
132.32
128.73
155.06
119.07
194.67
192.33
103.18
103.49
138.49
124.97
175.45
166.45
159.40
140.50
121.70
127.76
192.98
169.13
176.76
125.82
136.61
197.60
177.41
106.85
183.83
127.63
105.87
136.26
136.04
162.07
109.92
134.09
131.36
122.51
195.33
112.75
170.51
186.98
146.36
113.64
125.78
111.85
106.80
197.04
190.51
168.11
145.62
138.87
163.93
179.02
138.98
127.31
168.86
193.46
123.52
132.62
168.31
167.19
114.37
144.10
181.15
153.09
136.09
129.61
196.61
120.40
184.43
175.34
152.72
133.06
122.70
105.79
175.00
117.61
117.53
167.70
167.77
142.32
136.11
185.01
113.31
110.87
159.06
157.20
161.35
146.33
111.43
177.83
185.26
104.11
178.37
196.39
140.03
106.31
150.75
132.79
182.16
133.84
141.78
180.84
101.76
147.95
125.68
104.96
172.98
137.96
176.22
142.37
150.82
108.25
124.48
172.10
129.23
124.25
112.91
101.81
128.43
134.62
195.88
153.29
197.80
174.64
125.58
198.65
104.77
134.70
166.61
110.30
129.83
146.67
102.67
140.27
103.12
101.10
134.30
136.60
199.02
158.55
117.89
138.34
151.81
159.52
163.13
164.24
167.44
169.02
188.69
124.92
184.70
114.46
133.74
143.57
182.04
188.37
137.09
165.80
135.84
190.97
124.76
175.94
110.19
182.07
192.21
113.87
199.10
196.57
127.56
104.46
147.33
153.12
199.09
169.72
148.41
152.01
121.44
192.80
154.91
114.64
123.19
142.51
139.31
164.72
161.05
147.29
112.05
188.95
165.00
128.22
137.58
143.84
153.06
162.19
188.76
194.43
124.24
148.29
145.51
180.53
124.06
193.39
174.27
106.61
178.16
115.85
121.76
142.60
106.55
190.51
118.45
104.64
163.30
122.46
115.19
157.01
195.07
142.49
169.65
139.66
175.14
162.60
158.69
179.32
149.35
116.77
117.05
186.24
125.27
138.81
193.44
173.80
146.50
197.19
170.83
163.33
120.35
114.79
119.49
153.00
109.12
150.52
138.33
135.96
152.38
109.26
193.26
150.70
161.36
176.93
179.31
134.12
114.72
147.97
117.73
126.98
189.83
124.29
148.72
150.00
183.41
116.55
195.96
129.32
111.29
171.42
159.94
100.10
128.01
181.76
143.69
158.46
174.17
110.50
126.86
163.39
141.74
173.72
181.68
112.97
145.81
183.46
167.99
131.90
105.04
146.62
153.57
111.23
162.30
152.76
180.67
135.12
122.26
160.67
139.89
114.74
143.06
111.28
118.80
124.41
195.77
152.62
163.91
101.59
196.89
161.71
132.06
128.92
127.04
187.64
110.11
163.81
171.69
120.31
150.01
119.18
159.11
110.09
100.93
127.55
124.52
125.22
119.18
139.78
199.88
135.59
102.53
119.90
114.23
154.38
126.33
197.52
190.70
152.30
155.14
131.09
143.41
183.11
166.24
116.16
109.71
123.60
148.91
146.01
101.70
136.43
136.95
194.35
124.37
110.07
190.83
143.79
187.44
116.29
170.97
127.88
132.70
153.17
133.39
189.32
109.56
108.61
135.46
182.66
157.53
188.28
160.81
165.54
196.59
100.39
159.60
129.74
183.39
179.56
153.44
120.25
165.02
161.87
172.44
178.74
150.36
194.42
176.09
126.46
123.57
173.79
159.39
170.87
144.43
159.95
160.93
179.80
115.67
104.97
170.52
118.12
148.78
169.03
180.75
182.15
126.89
170.12
138.87
199.69
145.35
128.66
133.21
185.05
109.38
123.03
192.09
152.17
181.36
168.10
181.81
191.95
100.22
165.27
165.47
114.69
140.01
149.31
124.31
142.87
135.64
175.39
149.59
115.44
179.94
147.47
184.22
130.57
188.08
188.76
130.91
110.83
132.93
193.88
146.20
121.83
178.09
183.07
108.33
113.67
174.13
199.12
180.90
182.82
137.85
149.64
194.05
171.66
104.50
198.76
130.12
132.33
128.52
155.56
131.90
182.53
109.67
189.45
147.87
171.61
138.12
126.79
191.34
157.18
184.92
147.75
118.04
164.90
112.09
107.19
120.24
167.07
140.53
149.50
194.49
169.10
193.35
173.72
164.90
137.35
127.05
132.04
134.12
136.77
173.91
112.79
190.15
171.84
144.95
167.16
118.72
141.06
184.90
187.79
158.11
121.36
128.05
137.08
186.30
196.52
177.01
152.99
148.49
131.70
115.22
131.25
117.50
174.50
168.33
193.87
128.84
132.51
149.82
106.43
147.96
137.10
161.50
198.81
107.90
153.45
171.29
177.64
102.18
138.40
157.09
192.50
130.18
178.95
188.36
132.62
169.67
166.88
115.23
185.80
195.12
177.97
148.32
187.28
169.07
127.73
142.45
122.48
108.84
169.93
141.86
124.86
170.97
189.06
105.61
127.61
101.90
113.27
107.87
186.20
175.02
140.63
199.89
187.91
171.07
127.93
127.67
103.82
162.26
139.14
122.90
118.99
128.46
188.07
123.12
197.42
168.09
138.77
131.68
199.66
166.15
146.36
198.09
173.22
146.82
130.74
184.74
178.28
169.52
176.18
187.73
194.88
123.35
140.99
195.89
181.35
137.51
143.04
104.97
118.51
152.79
159.46
152.03
179.32
192.97
141.57
198.70
109.30
133.66
100.07
171.65
189.74
191.37
159.37
163.18
182.46
145.34
115.10
106.15
122.84
161.03
154.13
162.94
135.94
105.62
112.76
110.81
199.57
133.03
155.19
162.86
167.62
168.85
151.97
137.50
197.27
144.09
126.11
177.69
194.39
110.57
112.93
125.89
102.90
120.63
149.31
180.53
115.88
169.20
167.48
195.37
179.06
177.03
119.32
134.80
190.28
140.62
198.03
164.36
172.82
186.60
155.84
138.99
114.87
146.14
138.86
149.15
122.38
108.16
173.00
198.83
128.90
119.83
138.67
119.21
141.73
176.64
166.12
166.14
181.32
185.68
168.15
110.81
188.33
190.78
102.36
108.97
130.89
120.43
121.45
125.97
143.93
156.24
126.42
102.47
171.47
122.68
185.34
168.80
163.56
167.22
117.90
154.76
199.75
134.11
174.95
195.92
172.81
134.85
161.31
107.56
168.32
183.38
159.79
183.22
118.42
195.56
115.37
175.71
191.37
148.45
129.00
135.68
102.38
157.59
192.71
115.28
195.87
158.10
169.71
192.32
154.45
168.88
186.44
134.63
135.53
178.29
157.05
103.18
123.31
114.53
104.77
187.84
110.37
153.99
180.03
180.34
191.40
177.06
100.15
114.97
159.31
102.36
151.80
149.86
143.41
117.58
104.23
118.73
118.43
177.84
178.32
156.67
143.71
161.22
104.89
191.79
162.47
154.86
184.08
199.29
102.56
194.91
126.73
134.41
172.14
199.01
118.98
196.37
136.39
110.71
101.32
126.67
194.79
122.14
194.82
112.05
152.09
153.01
138.63
144.87
191.13
142.39
125.64
191.96
110.41
152.65
135.78
136.46
185.37
194.50
170.33
186.98
148.63
156.28
184.64
193.03
161.60
161.48
101.72
166.58
167.47
184.09
164.50
185.78
173.84
123.02
150.69
148.75
112.39
174.19
131.11
152.92
162.29
141.53
199.26
198.49
104.31
196.73
138.53
153.43
193.58
131.50
121.46
171.74
199.91
146.08
155.04
126.72
167.34
182.75
195.86
106.83
186.43
144.23
159.36
122.55
156.86
133.48
138.46
190.24
141.27
113.50
128.78
190.67
176.26
113.60
129.92
148.80
111.24
102.06
155.17
144.70
191.94
104.29
135.84
145.07
191.71
170.08
150.47
139.69
120.68
184.19
144.01
178.10
110.68
170.02
127.88
127.67
182.12
158.25
167.35
116.36
147.77
179.08
170.09
180.95
198.16
189.69
186.50
114.74
143.36
167.17
